4,3
4,2
4,1
4,0
3,6
3,5
3,4
3,3
3,2
3,1
3,0
2,2
1,2
0,315
0,243
38,4
38,1
38,3
38,0
33,5
1,1
33,6
1,3
33,1
1,0
33,269
33,4
33,3
0,387
2,1
33,0
2,5
2,3
2,0
0,9
0,310
0,305
0,439
0,308
0,304
0,303
0,302
0,307
0,12
0,384
0,10
0,8
0,0
0,397
0,300
0,374
0,299
0,342
0,298
0,429
0,297
0,373
0,296
0,416
0,295
0,427
0,294
0,412
0,293
0,332
0,292
0,445
0,291
0,400
0,290
0,369
0,289
0,367
0,288
0,375
0,287
0,368
0,286
0,372
0,285
0,360
0,284
0,331
0,283
0,377
0,282
0,363
0,281
0,370
0,280
0,444
0,279
0,417
0,278
0,402
0,277
0,433
0,276
0,401
0,275
0,398
0,274
0,362
0,273
0,345
0,272
0,411
0,271
0,365
0,270
0,420
0,269
0,394
0,268
0,443
0,267
0,312
0,266
0,419
0,265
0,340
0,264
0,406
0,263
0,386
0,262
0,426
0,261
0,325
0,260
0,361
0,259
0,396
0,258
0,257
0,357
0,256
0,323
0,255
0,441
0,254
0,404
0,253
0,381
0,252
0,393
0,251
0,392
0,250
0,364
0,249
0,403
0,248
0,421
0,247
0,391
0,246
0,333
0,245
0,385
0,244
0,311
0,242
0,440
0,241
0,380
0,240
0,349
0,239
0,354
0,238
0,353
0,237
0,341
0,236
0,318
0,235
0,434
0,234
0,352
0,233
0,428
0,232
0,415
0,231
0,359
0,230
0,388
0,229
0,330
0,228
0,326
0,227
0,316
0,226
0,355
0,225
0,329
0,224
0,223
0,335
0,222
0,410
0,221
0,356
0,220
0,438
0,219
0,413
0,218
0,338
0,217
0,321
0,216
0,346
0,215
0,423
0,214
0,320
0,213
0,422
0,212
0,324
0,211
0,437
0,210
0,414
0,209
0,399
0,208
0,409
0,207
0,206
0,347
0,205
0,344
0,204
0,313
0,203
0,339
0,202
0,382
0,201
0,309
0,200
0,442
0,199
0,435
0,198
0,371
